--------------------------- Test Case 1 ---------------------------
 1   2   3   4  
 5   6   0   8  
 9  10   7  12  
13  14  11  15  

1 2 3 4 5 6 0 8 9 10 7 12 13 14 11 15
1 2 3 4 5 6 7 8 9 10 0 12 13 14 11 15
1 2 3 4 5 6 7 8 9 10 11 12 13 14 0 15
1 2 3 4 5 6 7 8 9 10 11 12 13 14 15 0

This puzzle can be solved in 3 operations
The algorithm took 0.0 hrs, 0.0 mins, and 0.003989219665527344 s to implement


--------------------------- Test Case 2 ---------------------------
 1   0   3   4  
 5   2   7   8  
 9   6  10  11  
13  14  15  12  

1 0 3 4 5 2 7 8 9 6 10 11 13 14 15 12
1 2 3 4 5 0 7 8 9 6 10 11 13 14 15 12
1 2 3 4 5 6 7 8 9 0 10 11 13 14 15 12
1 2 3 4 5 6 7 8 9 10 0 11 13 14 15 12
1 2 3 4 5 6 7 8 9 10 11 0 13 14 15 12
1 2 3 4 5 6 7 8 9 10 11 12 13 14 15 0

This puzzle can be solved in 5 operations
The algorithm took 0.0 hrs, 0.0 mins, and 0.004986286163330078 s to implement


--------------------------- Test Case 3 ---------------------------
 0   2   3   4  
 1   5   7   8  
 9   6  11  12  
13  10  14  15  

0 2 3 4 1 5 7 8 9 6 11 12 13 10 14 15
1 2 3 4 0 5 7 8 9 6 11 12 13 10 14 15
1 2 3 4 5 0 7 8 9 6 11 12 13 10 14 15
1 2 3 4 5 6 7 8 9 0 11 12 13 10 14 15
1 2 3 4 5 6 7 8 9 10 11 12 13 0 14 15
1 2 3 4 5 6 7 8 9 10 11 12 13 14 0 15
1 2 3 4 5 6 7 8 9 10 11 12 13 14 15 0

This puzzle can be solved in 6 operations
The algorithm took 0.0 hrs, 0.0 mins, and 0.005974292755126953 s to implement


--------------------------- Test Case 4 ---------------------------
 5   1   2   3  
 0   6   7   4  
 9  10  11   8  
13  14  15  12  

5 1 2 3 0 6 7 4 9 10 11 8 13 14 15 12
0 1 2 3 5 6 7 4 9 10 11 8 13 14 15 12
1 0 2 3 5 6 7 4 9 10 11 8 13 14 15 12
1 2 0 3 5 6 7 4 9 10 11 8 13 14 15 12
1 2 3 0 5 6 7 4 9 10 11 8 13 14 15 12
1 2 3 4 5 6 7 0 9 10 11 8 13 14 15 12
1 2 3 4 5 6 7 8 9 10 11 0 13 14 15 12
1 2 3 4 5 6 7 8 9 10 11 12 13 14 15 0

This puzzle can be solved in 7 operations
The algorithm took 0.0 hrs, 0.0 mins, and 0.00897526741027832 s to implement


--------------------------- Test Case 5 ---------------------------
 1   6   2   3  
 9   5   7   4  
 0  10  11   8  
13  14  15  12  

1 6 2 3 9 5 7 4 0 10 11 8 13 14 15 12
1 6 2 3 0 5 7 4 9 10 11 8 13 14 15 12
1 6 2 3 5 0 7 4 9 10 11 8 13 14 15 12
1 0 2 3 5 6 7 4 9 10 11 8 13 14 15 12
1 2 0 3 5 6 7 4 9 10 11 8 13 14 15 12
1 2 3 0 5 6 7 4 9 10 11 8 13 14 15 12
1 2 3 4 5 6 7 0 9 10 11 8 13 14 15 12
1 2 3 4 5 6 7 8 9 10 11 0 13 14 15 12
1 2 3 4 5 6 7 8 9 10 11 12 13 14 15 0

This puzzle can be solved in 8 operations
The algorithm took 0.0 hrs, 0.0 mins, and 0.012965917587280273 s to implement


