--------------------------- Random Case 3x3 ---------------------------
 3   8   7  
 1   4   0  
 2   5   6  

3 8 7 1 4 0 2 5 6
3 8 7 1 4 6 2 5 0
3 8 7 1 4 6 2 0 5
3 8 7 1 0 6 2 4 5
3 0 7 1 8 6 2 4 5
3 7 0 1 8 6 2 4 5
3 7 6 1 8 0 2 4 5
3 7 6 1 0 8 2 4 5
3 0 6 1 7 8 2 4 5
0 3 6 1 7 8 2 4 5
1 3 6 0 7 8 2 4 5
1 3 6 2 7 8 0 4 5
1 3 6 2 7 8 4 0 5
1 3 6 2 0 8 4 7 5
1 3 6 0 2 8 4 7 5
1 3 6 4 2 8 0 7 5
1 3 6 4 2 8 7 0 5
1 3 6 4 2 8 7 5 0
1 3 6 4 2 0 7 5 8
1 3 0 4 2 6 7 5 8
1 0 3 4 2 6 7 5 8
1 2 3 4 0 6 7 5 8
1 2 3 4 5 6 7 0 8
1 2 3 4 5 6 7 8 0

This puzzle can be solved in 23 operations
The algorithm took 0.0 hrs, 0.0 mins, and 1.1648874282836914 s to implement


